66 105 128 48 92 93 93 108 62 88 106 25 85 62 101 62 63 120 66 98 17 69 77 59 56 88 148 58 74 67 76 73 78 55 87 123 44 124 52 62 101 96 85 117 76 73 49 85 100 68 79 22 66 36 79 17 128 72 89 87 103 96 67 92
53 33 80 66 30 98 72 52 46 103 106 87 72 60 131 99 57 37 116 79 113 65 54 112 0 128 66 37 31 27 30 78 118 89 123 48 131 75 96 63 100 47 64 86 68 108 115 96 99 103 119 85 83 59 100 82 125 39 70 126 85 78 49 118
72 63 95 83 75 87 81 52 43 85 79 68 41 36 77 72 102 67 67 91 22 112 13 97 47 75 40 44 72 48 54 112 43 108 43 85 46 38 69 60 44 93 55 113 75 103 80 49 96 74 43 52 62 71 92 95 79 114 62 90 106 82 131 73
39 83 66 66 47 43 23 54 27 46 98 72 96 88 62 88 55 39 113 99 33 59 87 75 49 44 68 57 99 96 89 26 75 58 77 79 95 81 87 73 81 58 105 98 92 65 38 137 53 74 59 77 94 109 101 86 43 131 53 84 63 75 54 124
52 14 144 67 87 34 46 44 66 49 92 67 55 51 40 61 82 35 62 103 59 78 133 112 75 118 31 100 111 65 47 47 114 90 51 116 149 81 89 113 109 113 83 92 34 125 108 104 110 99 62 65 91 66 55 63 33 61 45 79 140 96 61 114
58 103 44 29 74 4 59 67 86 49 30 75 28 51 98 67 46 54 96 104 67 60 79 105 70 95 61 85 56 102 119 81 81 64 79 73 34 58 159 36 93 48 99 61 37 45 0 67 47 85 73 60 118 109 88 61 71 141 107 145 82 83 82 67
77 10 89 62 61 65 49 24 84 72 31 79 68 54 71 25 53 66 60 45 28 77 84 75 94 99 102 35 123 49 0 30 112 53 45 39 89 105 32 90 93 121 38 52 66 104 58 73 89 66 43 83 105 13 23 128 109 73 93 67 63 97 116 105
63 128 29 53 93 96 52 101 83 102 68 31 97 57 60 97 39 56 79 78 51 59 112 36 93 48 102 60 95 33 102 56 82 110 44 97 81 67 92 47 27 100 86 66 24 62 107 110 40 86 46 33 78 87 83 107 31 93 78 94 93 88 111 61
97 77 88 47 98 34 78 100 66 61 56 73 79 78 47 90 90 40 159 48 74 61 53 12 107 106 66 98 108 11 84 75 58 112 80 133 100 79 45 99 121 50 118 59 21 93 87 93 112 118 99 110 107 94 94 77 109 95 52 102 96 103 80 59
44 86 63 48 63 76 52 60 81 91 63 66 58 74 98 69 75 100 49 32 82 3 116 96 104 31 92 56 57 102 95 100 82 52 90 30 96 104 42 34 51 46 112 106 108 66 47 95 94 53 54 71 125 87 86 60 86 86 85 133 31 81 40 74
52 120 24 134 58 34 35 125 102 122 82 93 106 66 88 85 100 95 105 87 79 67 29 76 53 132 69 73 66 17 104 69 118 50 55 50 71 49 84 75 45 55 73 42 16 84 39 74 113 36 104 64 97 90 26 52 87 71 51 107 57 75 83 49
47 100 86 63 85 86 93 32 82 40 123 114 70 63 85 112 98 104 88 134 31 144 50 85 99 101 76 44 97 75 63 79 98 85 78 48 64 71 24 52 97 108 36 0 116 80 76 37 54 61 59 66 60 54 52 49 45 111 39 70 78 78 37 79
63 71 25 110 65 59 81 58 49 139 74 43 74 81 138 39 94 83 113 62 115 85 116 48 92 58 79 55 77 54 91 96 85 86 121 118 56 32 72 91 50 49 112 66 65 36 51 32 75 63 41 45 49 50 43 31 120 48 128 39 107 87 71 61
115 57 42 90 68 83 100 106 129 57 75 86 86 89 75 59 82 65 76 7 113 86 90 89 83 74 86 64 89 68 84 70 108 75 20 118 55 33 102 77 55 114 45 98 75 78 62 58 83 5 72 34 74 86 46 89 99 40 141 93 69 73 115 88
42 6 105 64 19 67 0 91 38 66 101 68 65 91 60 105 63 82 91 57 140 61 43 20 53 112 112 102 86 67 82 112 68 132 100 80 74 95 34 75 93 47 54 108 97 61 48 93 73 64 85 80 87 31 54 63 44 98 63 18 137 68 92 92
88 115 127 56 148 32 111 65 114 62 43 68 90 106 66 99 57 55 89 76 86 99 64 60 109 69 63 83 33 81 76 88 78 62 100 68 73 42 100 62 58 87 47 74 71 61 41 89 56 91 102 113 88 60 68 66 56 131 84 65 105 83 70 107
113 66 127 79 44 114 49 60 101 98 126 25 37 101 46 123 73 107 108 12 88 105 64 89 119 116 48 46 66 46 72 118 38 85 45 95 68 109 92 97 81 48 70 93 54 85 87 65 65 97 96 61 65 66 126 43 74 96 95 60 88 89 112 75
68 134 84 95 115 100 66 43 91 63 48 87 45 70 58 63 32 70 92 140 59 60 59 68 102 62 103 77 90 95 50 47 68 43 55 53 101 68 38 89 100 110 100 85 101 100 46 26 58 68 90 90 32 76 92 123 94 64 119 36 93 88 122 41
79 75 75 79 134 75 54 89 89 56 57 83 94 23 63 48 84 60 55 38 94 46 94 63 50 105 79 70 116 45 92 91 34 83 87 102 111 49 74 60 73 113 88 69 35 56 48 118 92 25 119 60 48 68 25 74 72 54 18 71 92 85 91 86
93 6 122 81 34 109 110 103 101 67 71 80 59 52 38 43 84 45 60 86 56 96 17 97 40 56 37 23 122 52 62 85 84 51 57 39 123 40 72 73 44 47 72 83 88 139 104 30 80 58 86 62 127 84 124 64 52 11 114 80 38 43 80 73
100 76 71 84 56 81 17 93 121 30 56 64 33 103 104 82 6 149 92 31 93 50 58 81 79 74 83 67 99 50 91 86 47 142 80 111 103 98 96 91 119 34 101 122 123 65 96 88 96 82 73 56 57 83 69 53 45 65 84 69 77 45 72 51
85 73 76 64 72 122 109 78 43 13 63 86 98 93 71 34 71 29 54 82 130 78 39 72 119 78 73 22 73 120 92 74 155 38 78 88 69 99 68 95 75 84 92 71 71 97 97 97 76 92 45 84 73 89 106 105 117 6 76 50 84 88 98 79
116 56 55 56 76 75 52 31 112 139 85 104 69 104 34 79 71 78 34 37 98 49 70 100 45 116 79 72 81 101 106 87 95 71 89 125 48 80 89 49 53 79 51 59 62 85 60 122 76 66 90 79 105 94 98 110 74 111 79 92 31 94 67 101
94 94 36 138 70 118 86 39 98 90 89 74 60 123 54 62 15 134 82 47 96 8 100 47 43 42 107 87 16 94 52 72 75 137 86 73 127 75 87 71 96 73 107 90 136 43 35 79 64 107 99 86 94 37 93 75 82 67 97 122 78 85 34 74
63 57 91 118 64 103 75 124 64 19 135 77 73 95 62 32 47 79 91 46 73 105 101 65 96 123 78 70 55 122 124 107 105 91 128 99 65 117 97 61 118 48 77 69 116 89 85 63 60 29 105 55 39 83 73 27 79 98 49 57 84 43 95 71
86 88 74 113 80 61 15 67 86 116 84 48 42 145 61 23 53 78 24 119 45 60 64 46 86 118 72 120 112 76 112 102 76 123 145 26 121 106 109 106 91 119 71 46 79 84 65 78 45 85 62 89 161 82 91 122 81 124 89 60 99 85 69 52
76 41 74 99 96 113 63 124 73 61 53 76 97 37 69 38 83 83 79 38 59 109 51 116 90 111 93 45 115 82 58 99 126 109 68 124 120 64 85 101 115 70 122 93 62 91 83 55 111 49 27 58 85 112 103 58 64 78 19 100 55 34 46 94
42 48 87 76 131 58 79 52 100 68 48 111 40 122 40 77 45 35 60 77 85 107 19 73 82 130 83 117 84 99 104 88 129 176 113 92 137 129 152 93 67 80 35 105 22 63 69 99 63 38 52 59 117 73 75 87 86 106 66 67 45 61 1 132
98 130 86 82 70 106 18 113 61 114 51 78 95 108 101 93 62 95 87 78 91 96 28 74 27 81 60 104 107 81 132 200 248 175 149 128 99 123 77 100 70 71 131 117 57 93 75 96 41 71 108 99 101 126 15 160 103 101 72 80 65 48 65 72
57 33 70 113 98 52 99 70 50 69 44 92 81 77 82 91 86 63 104 79 15 68 120 64 100 67 102 115 86 103 166 218 249 242 180 165 165 97 132 126 54 135 65 49 8 102 83 58 76 119 59 121 62 89 62 70 84 93 81 90 81 103 43 118
62 59 66 43 112 60 41 87 90 98 42 67 36 56 118 31 49 64 41 158 115 90 114 87 50 158 84 168 161 234 253 255 255 213 249 210 114 148 86 95 65 55 91 43 31 119 111 25 51 66 78 75 125 41 57 57 51 81 60 100 31 52 62 61
86 47 61 51 80 61 108 68 31 64 107 48 47 65 86 65 124 44 90 65 143 133 116 137 54 122 139 101 178 216 255 249 240 255 247 150 207 119 127 106 116 144 123 89 92 90 62 71 13 92 48 47 62 85 98 54 88 21 62 95 123 14 44 73
28 86 65 96 50 42 89 44 77 49 65 40 67 41 57 60 142 85 118 88 38 58 94 72 168 155 159 106 187 254 235 255 255 252 254 231 152 172 113 39 105 82 63 106 122 88 81 113 52 81 115 93 91 166 110 97 64 63 74 106 73 57 67 74
69 95 77 46 89 27 85 34 64 61 93 60 49 75 43 55 91 98 83 31 112 110 28 137 131 112 114 197 223 181 255 251 242 255 241 160 148 121 92 156 126 79 101 80 135 95 88 88 127 65 58 61 84 72 46 104 104 111 105 95 42 0 58 90
81 45 132 53 48 46 41 58 91 25 53 41 49 85 36 86 124 122 65 115 56 88 73 126 91 152 152 166 159 246 231 237 249 255 255 111 140 55 128 91 100 86 114 70 108 83 45 71 127 39 82 150 40 74 105 94 102 81 47 101 137 107 140 104
48 88 96 82 131 91 60 65 75 32 70 28 63 92 51 48 83 88 78 127 80 52 100 73 103 127 107 168 131 151 172 229 215 152 185 152 130 97 137 103 106 66 103 143 79 104 82 80 53 43 68 97 149 75 54 93 98 82 90 53 93 23 88 63
77 97 107 121 141 68 97 20 87 30 42 72 87 46 54 106 103 87 71 129 86 113 82 100 53 90 131 89 145 85 99 184 141 65 137 92 143 114 77 101 131 77 56 101 107 106 114 135 74 79 110 153 86 74 79 114 70 76 72 71 70 83 60 50
82 119 89 75 82 68 65 78 83 77 24 60 45 57 80 99 120 58 61 69 65 41 95 86 70 90 146 101 104 109 161 85 176 168 71 75 72 120 90 113 86 44 78 83 153 66 96 85 147 54 78 64 81 92 114 55 104 117 84 89 46 112 67 99
90 94 28 75 54 106 134 96 103 87 33 104 86 56 41 42 46 103 52 78 82 74 82 80 125 74 104 119 113 133 68 119 93 97 64 115 113 76 99 74 131 28 107 93 53 47 140 77 142 48 53 87 93 86 60 94 77 73 92 62 97 66 56 49
89 60 118 66 69 104 57 54 82 94 80 102 103 78 80 57 52 93 92 44 63 121 75 36 28 118 77 78 71 73 91 70 87 116 178 116 60 100 76 108 75 75 94 103 67 129 83 72 103 76 117 81 96 74 49 91 89 111 68 112 86 98 82 117
84 65 41 98 82 53 97 22 86 1 20 60 89 29 70 116 63 85 89 102 97 11 103 76 51 55 84 63 69 54 86 81 72 70 77 127 102 70 72 122 54 60 135 82 75 54 147 78 66 108 117 84 82 116 83 118 132 90 93 45 88 56 77 78
56 84 148 102 104 66 57 104 55 71 100 61 104 50 68 84 103 72 38 91 111 88 38 57 59 77 80 76 53 72 93 98 100 75 63 133 72 102 121 56 99 116 77 150 96 103 124 121 48 57 48 120 77 45 120 84 56 113 103 97 110 83 103 84
101 58 106 81 79 108 73 74 61 95 77 59 113 64 66 161 70 80 116 79 55 51 98 72 92 78 65 92 93 30 79 77 46 77 63 74 97 111 42 59 58 18 109 61 79 16 87 50 89 122 144 96 75 134 159 83 120 110 89 74 92 52 34 101
41 85 68 110 115 83 136 85 96 40 90 111 96 53 94 89 126 25 97 123 72 88 62 94 86 57 42 77 78 173 78 51 111 69 57 102 66 50 127 90 49 119 60 57 81 76 89 30 135 44 80 69 74 64 49 108 75 17 94 94 68 62 110 67
127 52 117 43 23 93 98 38 85 88 142 81 117 87 114 49 110 111 67 44 105 163 167 63 81 104 40 115 79 50 70 47 79 83 94 72 81 114 81 51 74 43 69 73 36 18 41 64 142 137 122 116 82 64 140 98 90 120 104 127 114 45 139 99
91 43 8 108 141 121 33 79 73 62 68 79 58 87 109 103 106 88 130 29 55 56 84 33 89 107 64 36 91 47 134 35 102 88 45 118 103 76 87 88 85 125 72 86 108 77 94 69 84 17 116 102 79 91 68 169 81 80 58 130 97 60 108 100
20 70 67 115 44 91 71 89 88 100 37 113 103 112 59 154 54 72 103 129 72 71 100 76 116 144 43 99 88 26 113 59 39 54 108 88 66 78 96 55 99 49 79 123 108 48 73 98 41 117 104 53 24 66 94 46 116 110 77 44 56 108 78 103
90 60 70 88 105 79 140 101 84 83 61 62 87 98 86 89 91 100 103 47 70 104 89 87 82 72 46 68 68 63 72 51 104 54 99 81 124 12 96 119 38 83 49 35 25 73 99 43 124 82 61 103 39 67 140 74 94 54 89 91 70 55 55 23
95 63 122 39 90 26 121 65 64 70 51 82 61 105 70 48 82 132 59 45 87 79 103 130 62 116 55 146 55 98 47 49 55 111 46 58 81 65 73 81 140 59 93 90 68 95 134 58 103 56 100 60 116 92 147 103 121 100 101 70 140 89 88 68
58 55 112 44 76 101 84 101 73 25 88 93 81 68 146 107 106 79 77 102 51 121 39 97 122 133 53 29 76 116 29 95 44 95 127 84 61 47 52 88 67 142 131 59 118 39 60 110 76 18 83 76 120 109 59 116 45 36 56 112 72 72 58 45
72 105 84 96 51 117 83 78 83 131 78 70 49 63 61 80 97 99 88 74 68 75 87 50 101 67 74 95 45 59 79 47 67 72 67 116 59 51 68 35 116 71 77 106 84 109 73 89 45 75 115 99 10 83 81 107 90 64 63 100 87 0 90 58
96 154 98 51 139 83 99 84 73 61 47 99 98 41 59 102 73 76 71 93 120 83 82 113 63 135 99 79 40 82 93 78 89 135 83 112 75 64 97 85 48 149 108 86 115 86 88 124 74 50 118 95 51 54 95 80 89 86 104 120 110 99 70 88
72 81 39 64 79 93 89 79 92 90 58 121 99 60 62 144 104 144 125 79 80 72 75 72 141 41 62 70 58 67 62 113 49 140 106 22 45 55 47 111 68 75 83 70 83 78 25 70 74 48 109 73 71 97 54 106 67 89 77 71 79 70 75 64
90 128 59 85 132 99 103 102 72 63 94 101 109 99 107 92 93 87 88 91 71 50 75 77 77 118 71 119 57 136 44 108 54 105 55 84 56 86 68 96 87 102 71 144 102 97 86 91 65 118 135 72 43 115 97 82 116 65 120 136 86 94 31 80
126 135 89 122 103 81 129 82 137 104 42 54 87 96 43 125 59 85 103 102 47 139 41 51 64 90 104 66 100 44 63 81 70 86 29 125 68 83 111 84 38 50 92 40 47 93 105 52 80 103 110 91 112 90 128 46 108 65 101 64 104 37 86 101
127 68 156 43 118 68 131 105 126 52 134 94 140 89 89 71 94 147 71 56 111 111 116 114 131 31 93 71 51 84 80 39 117 105 65 0 91 103 113 70 85 102 86 87 70 78 95 124 34 101 45 103 53 117 62 141 34 123 109 39 87 121 90 68
79 25 94 143 133 66 61 57 99 99 128 62 71 75 60 126 123 104 118 118 50 98 99 88 105 76 93 19 107 140 113 67 113 45 31 91 88 46 80 72 107 71 93 127 88 43 93 85 58 59 137 49 85 151 76 99 83 77 114 74 74 95 87 60
114 131 124 87 96 92 76 127 61 65 50 105 132 88 99 76 116 70 105 91 81 101 94 77 126 123 94 72 28 38 120 110 136 99 78 117 50 68 66 79 86 77 54 72 80 85 90 102 82 88 70 116 72 101 65 43 112 131 91 137 75 33 43 41
91 92 117 19 131 96 79 82 95 82 131 111 74 96 76 99 93 61 101 88 129 90 81 120 91 59 51 153 122 56 97 108 64 85 60 128 57 107 82 46 109 118 96 61 98 63 124 87 88 110 101 94 77 122 8 103 84 95 49 153 40 69 94 36
104 83 115 67 106 138 123 106 68 70 112 95 73 114 74 89 125 63 84 118 92 53 96 127 78 47 61 77 125 102 59 57 93 92 113 62 56 36 100 41 60 98 53 85 124 72 14 105 74 64 50 66 65 11 29 70 107 97 92 135 65 137 115 75
60 44 93 83 74 106 97 74 91 82 89 78 64 73 47 124 100 138 56 73 52 68 79 92 79 74 126 75 78 92 88 156 64 29 96 55 55 102 96 79 107 91 102 27 48 122 69 112 58 112 94 31 91 75 149 61 105 99 108 62 123 85 35 107
77 53 90 71 78 25 81 156 110 93 77 83 117 111 54 82 87 122 40 139 119 83 64 141 135 59 77 119 100 92 61 65 77 94 42 94 40 66 108 71 70 60 88 44 122 35 21 62 103 57 109 37 99 106 67 146 54 93 19 82 63 99 8 101
112 72 31 96 149 116 86 106 59 100 49 83 103 65 133 124 50 62 83 118 37 87 111 61 81 65 106 119 91 87 96 88 67 43 159 108 68 72 59 84 54 63 61 99 44 55 70 66 100 38 96 94 42 55 59 90 76 75 93 82 84 95 106 64
61 99 121 72 109 68 123 88 124 69 91 117 125 82 68 74 166 124 101 86 101 87 61 109 101 56 98 62 102 56 63 113 77 66 42 95 37 93 77 63 122 67 100 74 13 140 77 115 34 53 63 123 104 75 78 73 49 77 115 106 43 97 82 58
